expday,lineageID,lineage_len,phi_mean,lambda_mean
20160229,495,2,0.10082778982358806,0.007933588908432944
20160229,496,3,0.1380604782436553,0.018183074281266177
20160229,497,3,0.14703230839756368,0.018309977618236148
20160229,498,3,0.15469661676552898,0.019083586974141958
20160229,499,3,0.15611769097835582,0.021555777424422003
20160229,500,3,0.14232104064328244,0.017709286284539768
20160229,501,3,0.1582757114819598,0.015428212813227728
20160229,502,3,0.14162848780025053,0.018604860906752525
20160229,503,3,0.1788913863897396,0.022080222672852153
20160229,504,3,0.1544328098508637,0.01877029695869126
20160229,505,3,0.15304131229621648,0.01585181519341512
20160229,506,3,0.13728076705891937,0.019890580519543226
20160229,507,3,0.14915506058794717,0.017950081804988926
20160229,508,3,0.14635229157947716,0.021631037660329294
20160229,509,3,0.15392716052392036,0.021648211621891882
20160229,510,3,0.15015591158185673,0.013099629056973055
20160229,511,2,0.1648852904832858,0.020834278552272573
20160229,512,3,0.15391698197314985,0.020272765531862864
20160229,513,3,0.13674977876051084,0.023012878944023752
20160229,514,3,0.16348513450818564,0.01768933307735857
20160229,515,3,0.15943075802774148,0.013377268189868353
20160229,516,3,0.15199512091179257,0.01515721675629786
20160229,517,3,0.14385879572079327,0.018763196821864864
20160229,518,3,0.16144631802510923,0.01244965850117236
20160229,519,3,0.15891856261765203,0.016758839268552834
20160229,520,3,0.1447417019443424,0.017912425248168558
20160229,521,3,0.14159736881107401,0.018716474214755266
20160229,522,3,0.1471837615988079,0.01622397743910521
20160229,523,3,0.14739675044883555,0.018200537272338276
20160229,524,3,0.14275591380607386,0.019720276291000045
20160229,525,3,0.17374900597177947,0.01650834213952324
20160229,526,3,0.15171771194941056,0.021776330615184084
20160229,527,3,0.18438773238184888,0.019526516421961803
20160229,528,3,0.15066596504908855,0.024353392298700604
20160229,529,3,0.16022731570872575,0.012563737229068334
20160229,530,3,0.1336206753940405,0.023921683530893474
20160229,531,3,0.1328316389884373,0.018850811669366842
20160229,532,3,0.15116747141075715,0.01718312625833586
20160229,533,3,0.1676153959977509,0.014843982368468811
20160229,534,3,0.15952648897735627,0.015276088820492336
20160229,535,3,0.15958061312568084,0.02317874394801235
20160229,536,3,0.14508426780757033,0.018877755519159094
20160229,537,3,0.1584378830445486,0.015609571783909933
20160229,538,3,0.14481800291972874,0.021886864880866906
20160229,539,3,0.1524099284621551,0.011001797816448132
20160229,540,3,0.1460033461786324,0.017634169407966537
20160229,541,3,0.13223299264056598,0.01678681316480054
20160229,542,3,0.1582133607468902,0.014962989745100522
20160229,543,3,0.14071979198473128,0.02075706001744535
20160229,544,3,0.13318440164679657,0.018558734470164713
20160229,545,3,0.1647139125821243,0.01417345013411456
20160229,546,3,0.14736819805800572,0.018428632403948864
20160229,547,3,0.15854997402302903,0.021305181468703152
20160229,548,3,0.15717942865626106,0.023267428795402896
20160229,549,3,0.15126920404797747,0.018639680518375987
20160229,550,3,0.1533657156954423,0.018792346569243803
20160229,551,3,0.14839229653758665,0.022274608108866622
20160229,552,3,0.15216727552197987,0.019464729016072695
20160229,553,2,0.12893471984947172,0.02125696532718088
20160229,554,3,0.1380408277105772,0.01723872400246128
20160229,555,3,0.16038043886868095,0.013863535423341422
20160229,556,3,0.14067420864876376,0.017966522972588158
20160229,557,3,0.1600871049304617,0.016347372335522165
20160229,558,3,0.16020119688957413,0.015561138818706419
20160229,559,3,0.15632862626149893,0.013596068407902947
20160229,560,3,0.15177707536501392,0.01649591603740461
20160229,561,3,0.12858768319703043,0.016280667740417157
20160229,562,3,0.15084561727770704,0.018470237302107836
20160229,563,3,0.14301178052548494,0.02052185355250377
20160229,564,3,0.16230884678248772,0.02314396808448428
20160229,565,3,0.16402011059192606,0.021949147053262525
20160229,566,3,0.15745877808024822,0.014551673242666065
20160229,567,3,0.1639396874072441,0.015186967872133693
20160229,568,3,0.10293260007052754,0.014937774936456646
20160229,569,2,0.15376815134521013,0.01864888953047681
20160229,570,3,0.15853401517626434,0.017195956234191498
20160229,571,3,0.14655642078406872,0.017812414348580934
20160229,572,3,0.12899927191574168,0.02039141828843069
20160229,573,3,0.12659951098839173,0.01940363031870331
20160229,574,3,0.1656959063879642,0.018267532259493874
20160229,575,3,0.15369977704227536,0.01974399857052246
20160229,576,3,0.1479290396935826,0.02129946460223321
20160229,577,2,0.12989793458924728,0.02193736418594972
20160229,578,3,0.15273451314830946,0.018970952514888773
20160229,579,3,0.16649983561325105,0.014900118720408383
20160229,580,3,0.14584875043923867,0.01915820001819038
20160229,581,3,0.17964723392776263,0.020597088042066322
20160229,582,3,0.14250597431680845,0.013943609145750777
20160229,583,3,0.1360197594595281,0.01307046580176263
20160229,584,3,0.1522666709140881,0.015193417764777157
20160229,585,3,0.14182544988162055,0.013323867794360036
20160229,586,3,0.1448098450735495,0.010664447735060438
20160229,587,3,0.15187644747548767,0.017904798956208
20160229,588,3,0.15252784066361147,0.021461704272064386
20160229,589,3,0.15006761527845164,0.01762515644573514
20160229,590,3,0.13910834653171888,0.018134696156399
20160229,591,2,0.15543215330085375,0.018577951008435352
20160229,592,3,0.15204773610368966,0.01809339693259739
20160229,593,3,0.15287067045593647,0.020032082620089722
20160229,594,3,0.13978044622705058,0.014081886428803746
20160229,595,3,0.16525690858304556,0.014923894380788
20160229,596,3,0.14801465633763908,0.01841418137632666
20160229,597,3,0.15311079345709752,0.01862923014618578
20160229,598,2,0.1614618691235915,0.017061104128934492
20160229,599,3,0.1724827466532564,0.016970212140513453
20160229,600,3,0.1433994011760864,0.023396822555096404
20160229,601,3,0.1420611191237941,0.021707271038539113
20160229,602,3,0.13967688004489348,0.016950169128898185
20160229,603,3,0.13938759292020558,0.015583759221203693
20160229,604,3,0.1384672941273315,0.017276822146699726
20160229,605,3,0.14356958742316378,0.03148720482473252
20160229,606,3,0.14390280388125273,0.014110136045556375
20160229,607,3,0.1412601084479675,0.0166389710184296
20160229,608,3,0.15574695454866333,0.019440840845350697
20160229,609,3,0.15617714968859833,0.01848166184637418
20160229,610,3,0.16544223259280527,0.016610738524664125
20160229,611,3,0.1573532381089869,0.016332299312493588
20160229,612,3,0.15191671238329968,0.01913108865451473
20160229,613,2,0.13310240850243565,0.023416507113849804
20160229,614,3,0.15431035372570007,0.018267444092601896
20160229,615,3,0.15269241208522114,0.018175779739316198
20160229,616,3,0.1415997999896975,0.01661449822551127
20160229,617,3,0.15852539070500588,0.01974594588768222
20160229,618,3,0.14408168186194129,0.011063739848966535
20160229,619,3,0.18257384416456748,0.016966706621096565
20160229,620,3,0.13478663061033722,0.014080058246079075
20160229,621,3,0.14221795350298147,0.014725022068407985
20160229,622,3,0.15939131988421576,0.012774837543021065
20160229,623,3,0.12943425186077068,0.0209841863762265
20160229,624,3,0.14210397655899906,0.020004383143223784
20160229,625,3,0.16011674641723853,0.018553483747367584
20160229,626,3,0.16283330908759264,0.01625886839140053
20160229,627,3,0.15660924135242826,0.01680361423894033
20160229,628,3,0.13228404243671688,0.020598905930557493
20160229,629,3,0.16758545751361983,0.01457078625731772
20160229,630,3,0.15131280786849785,0.017150933050531985
20160229,631,3,0.1647690063260484,0.01418922784843055
20160229,632,3,0.14890324437635974,0.017536658590052934
20160229,633,2,0.1311936433749597,0.02312709571312108
20160229,634,3,0.1414916073911113,0.018603313670669426
20160229,635,3,0.15118230979349273,0.015828481621603226
20160229,636,3,0.15124501319203779,0.020047760720451453
20160229,637,3,0.13858620228657845,0.014460147451545113
20160229,638,3,0.15450696410531434,0.017279846402052757
20160229,639,3,0.1357788075680581,0.01761359226313008
20160229,640,3,0.15554036833499818,0.01230423337787789
20160229,641,3,0.16844382499717353,0.013259388423541598
20160229,642,3,0.160851602625524,0.013434764117735398
20160229,643,3,0.14847815936788142,0.02109522427492576
20160229,644,3,0.14244480116208946,0.010753375073980673
20160229,645,3,0.1444700392074398,0.014321302977334981
20160229,646,3,0.15274346017834473,0.015362214266347547
20160229,647,3,0.14585120347765518,0.018483559211819073
20160229,648,3,0.1296029388067823,0.021068969894468347
20160229,649,3,0.1539723290764443,0.018686992219259107
20160229,650,3,0.14687896962116323,0.01671227588071314
20160229,651,3,0.15637180926419758,0.018587924682852384
20160229,652,3,0.1511296649928082,0.020886991982376712
20160229,653,3,0.13128678610811492,0.016500870493747807
20160229,654,3,0.1456539570075447,0.014286066290608801
20160229,655,3,0.1430844273840521,0.015175305870595918
20160229,656,3,0.12091319813552841,0.014105368392028327
20160229,657,3,0.1597583904446937,0.009665728628312787
20160229,658,3,0.15447885712523446,0.016190970982958262
20160229,659,3,0.1683348564475772,0.018847945104794043
20160229,660,3,0.14297599105119266,0.014515223105303676
20160229,661,3,0.14564775601064375,0.01733006180561397
20160229,662,3,0.16379282618055632,0.01680822917834367
20160229,663,3,0.13202427588396545,0.022316775375779696
20160229,664,3,0.15221380565782533,0.021093869631378704
20160229,665,3,0.16727256663504225,0.02039662077627685
20160229,666,3,0.15870469575248258,0.020909775839836508
20160229,667,3,0.14388058871743983,0.016123581758306416
20160229,668,3,0.16110039996992406,0.012255894008458914
20160229,669,3,0.14785125770216592,0.020415952094410994
20160229,670,3,0.14918805254513834,0.0205872286501602
20160229,671,3,0.13811012557984864,0.019647974811534283
20160229,672,3,0.13701708145956942,0.020683089866448047
20160229,673,3,0.14320900239871426,0.016637452548869593
20160229,674,3,0.1464152344554985,0.014187989329353778
20160229,675,3,0.15193658060341841,0.01703756742831993
20160229,676,3,0.13820017699877335,0.015945998495046236
20160229,677,3,0.17833184705577568,0.015234107430287927
20160229,678,3,0.1464200302322023,0.018096810928356744
20160229,679,3,0.147294794336158,0.01660115490073755
20160229,680,3,0.1496295970556891,0.017402904676687696
20160229,681,3,0.16068745247079647,0.018591035438507226
20160229,682,3,0.16195721592337423,0.018666558789025754
20160229,683,3,0.15126205340859966,0.014280790410901372
20160229,684,3,0.15945638294735395,0.022210084670748333
20160229,685,3,0.14112111300871583,0.019894626855300836
20160229,686,3,0.15005094771457309,0.016973415946883116
20160229,687,3,0.15836011836926733,0.018581011938865678
20160229,688,3,0.13103578077481665,0.017936546780832327
20160229,689,3,0.12705041064681893,0.021974022396259972
20160229,690,3,0.1426514322754325,0.014047126984755475
20160229,691,3,0.14919258793803694,0.02070727327323171
20160229,692,3,0.17448959677238346,0.019713725884800633
20160229,694,3,0.12475574522767091,0.01683455757658597
20160229,696,3,0.14584143622538812,0.01859754943992583
20160229,697,3,0.14064356468734837,0.016527468759785783
20160229,698,3,0.14998327573537132,0.016577314239433337
20160229,699,3,0.1603270674861174,0.01844251711426629
20160229,700,3,0.13515986489255266,0.02251471654535749
20160229,701,3,0.12217275868178783,0.01814468299519129
20160229,702,3,0.14388750547610077,0.016062071419060006
20160229,704,3,0.13681938558670764,0.013088465589996505
20160229,705,3,0.12291665539629988,0.02107372972026056
20160229,706,3,0.1823134338334688,0.013369396544943324
20160229,707,3,0.14304011406959719,0.01707907949255746
20160229,708,3,0.1391220304782269,0.0183544217103213
20160229,714,3,0.16285634157857462,0.017434930631882208
20160229,715,3,0.12627928261580068,0.017872757933387006
20160229,717,3,0.14972587625321207,0.021009046548370686
20160229,718,3,0.13580226579445784,0.013186379330601617
20160229,720,3,0.13650386294907724,0.01350410439650628
20160229,722,3,0.1615117479075103,0.015806384163364544
20160229,723,3,0.1643585904277783,0.018119085095099657
20160229,724,3,0.14811056567798306,0.015474409202875272
20160229,725,3,0.15323727714027469,0.011389855634486376
20160229,726,3,0.14174352759351438,0.011283172047825434
20160229,727,3,0.14222974661747967,0.02218752625424988
20160229,728,3,0.14826742135348628,0.022417941331477585
20160229,729,3,0.1739369663706924,0.012080669423208438
20160229,731,3,0.14559887543091032,0.020272069338984965
20160229,732,3,0.13037791005778432,0.018677186472507226
20160229,733,3,0.12847915202825475,0.023700453498478116
20160229,734,3,0.13403571761053815,0.016305486229749894
20160229,735,3,0.14097537403112897,0.00871922067762421
20160229,737,3,0.13318136876540315,0.0232704876445172
20160229,738,3,0.16297840609359135,0.01850499023834253
20160229,741,3,0.15417704773379448,0.015814068904050283
20160229,742,3,0.14256654881511696,0.019334620941087524
20160229,743,3,0.16036257138463822,0.01708615438134832
20160229,744,3,0.14158254829421263,0.025037415716456547
20160229,746,3,0.1535426004284332,0.020490791644707632
20160229,747,3,0.13739414416958765,0.015081868701905136
20160229,748,3,0.15580415140083242,0.02068346921738619
20160229,750,3,0.1427363544571687,0.017602965662081988
20160229,751,3,0.16428923287790959,0.015026720821393048
20160229,752,3,0.18125941417601896,0.014065142087833781
20160229,753,3,0.17271918619361684,0.020832441213235235
20160229,754,3,0.1395906643226272,0.01982887314266066
20160229,755,3,0.16284427877379506,0.016398907207701423
20160229,756,3,0.13000323008412074,0.022754771628830713
20160229,757,3,0.15294324335365717,0.023805949862300543
20160229,758,3,0.18508224917177651,0.016260397108971616
20160229,759,3,0.13433089656607103,0.020507475332681192
20160229,760,3,0.15096304435679558,0.01525914728282161
20160229,761,3,0.12069299049332242,0.020597621110252595
20160229,762,3,0.1600284453250647,0.017824929182271347
20160229,763,3,0.14935683771454777,0.02371198767873025
20160229,764,3,0.14892508324874323,0.01732142754676735
20160229,765,3,0.13017120031865242,0.01823744288813152
20160229,766,3,0.138584146966073,0.019236117810465022
20160229,767,3,0.1501240024736708,0.019289032790805506
20160229,768,3,0.13934844544871303,0.021755883419583715
20160229,769,3,0.1419811353146039,0.017765761940755614
20160229,771,3,0.15392817434510825,0.012574617255304779
20160229,772,3,0.14777102925818342,0.01596068653566786
20160229,773,3,0.18106095301439773,0.013454517354298675
20160229,774,3,0.1403777059711706,0.01836597784972449
20160229,775,3,0.17229003372974258,0.014613677623322512
20160229,776,3,0.14914197079437685,0.01896221810788883
20160229,777,2,0.16839346599912508,0.022031865692615494
20160229,778,3,0.12995314600005145,0.01935862368238588
20160229,779,3,0.1497041377766372,0.018116895007977713
20160229,780,3,0.1548428892105608,0.020003836779466107
20160229,781,3,0.14791170964038133,0.020615564928535855
20160229,782,3,0.16624964751150176,0.01517011242126612
20160229,783,3,0.1503105547863646,0.01891137164046241
20160229,784,3,0.1427826823186833,0.017455796186121333
20160229,785,3,0.14012701045462253,0.018361530613238846
20160229,786,3,0.14289882114229258,0.02095254544187356
20160229,787,3,0.1467959852213354,0.01923555894447915
20160229,788,3,0.12795904041366016,0.01801122861952197
20160229,789,3,0.16648043436267876,0.02189595739673541
20160229,790,3,0.14555001379469426,0.01457714574070772
20160229,791,3,0.13672775915556956,0.013562474458375356
20160229,792,3,0.12101920995387151,0.01888766722273025
20160229,793,3,0.10082006807788539,0.01552738201722743
20160229,794,3,0.13498310974715694,0.018214811656838487
20160229,795,3,0.1293441525570096,0.015699718511793605
20160229,796,3,0.15092407940409008,0.02163959806923953
20160229,797,3,0.11605458543164367,0.019864560161895098
20160229,798,3,0.17300552840325506,0.012620413412433275
20160229,799,3,0.15343930076876638,0.02221844997683016
20160229,800,3,0.1587435649832631,0.013448056050726695
20160229,801,3,0.15257012518721988,0.01915842501605989
20160229,802,3,0.14642871606739963,0.021892425270669646
20160229,803,3,0.1559833426939456,0.01977330268007079
20160229,804,3,0.11709619122227069,0.01957208651262025
20160229,805,3,0.13947812973744594,0.019756965573098233
20160229,806,3,0.13954681117872794,0.016786859161147014
20160229,807,3,0.140760231511902,0.019032898793702124
20160229,808,3,0.13119286905488087,0.019371182375146002
20160229,809,3,0.16369412961134983,0.014902952581029395
20160229,810,3,0.13426974578650797,0.019228975086826573
20160229,811,3,0.15906990508872335,0.02045959998738094
20160229,812,3,0.1420832873706988,0.012273214100535813
20160229,813,3,0.13682675322262644,0.018791016133549845
20160229,814,3,0.14703554186708,0.022923685292409905
20160229,815,3,0.15398301816137594,0.015720650047376244
20160229,816,3,0.11364458815220571,0.019193471586919725
20160229,817,3,0.17637798136687985,0.022378894855864463
20160229,818,3,0.15148520533856163,0.015221307240125288
20160229,819,3,0.13946736774686713,0.02027120947052419
20160229,820,3,0.13873451707440593,0.022827983960990835
20160229,821,3,0.1548975466681703,0.015360091485565075
20160229,822,3,0.14850351131599346,0.016250053093576213
20160229,823,3,0.13613078528945913,0.01528850875360357
20160229,825,3,0.14307011712029974,0.01677053734207105
20160229,827,3,0.14460772211230238,0.014757256452369168
20160229,828,3,0.164367086322819,0.01645266498101178
20160229,829,3,0.16397174065028502,0.014068635235179063
20160229,830,3,0.1520883906893301,0.022483756763658328
20160229,831,3,0.14089775602987176,0.019747894988107733
20160229,832,3,0.13836098344300732,0.019591775219632623
20160229,833,3,0.15693280801150278,0.015833876688389866
20160229,834,3,0.14304753595514105,0.02318845234041711
20160229,835,3,0.1261792454526747,0.022367619300126748
20160229,836,4,0.14323290663122032,0.019028458680272985
20160229,837,4,0.13144614377858252,0.013927160340122088
20160229,840,4,0.13996286073377112,0.020669729137095725
20160229,843,4,0.15175934949934108,0.0208712007731689
20160229,844,3,0.13893695380353147,0.021197020710078885
20160229,845,4,0.15704508266640677,0.018785995068923467
20160229,846,4,0.14165514867919474,0.019058957871627175
20160229,847,4,0.15859193050699982,0.0187895442069503
20160229,848,3,0.15607201485698038,0.02442494948999808
20160229,850,4,0.1417240530580654,0.014291752892508149
20160229,852,4,0.14864163275724207,0.012916864587556308
20160229,854,4,0.17402377794186166,0.016923590688679366
20160229,855,4,0.14519098218887808,0.024415718843434128
20160229,856,4,0.14610170641696485,0.018075368634683668
20160229,857,4,0.12148470767518899,0.01820006286371283
20160229,858,4,0.14758250988617133,0.018821584097230906
20160229,859,4,0.1503173947286241,0.019720822333483465
20160229,860,4,0.15602362818783003,0.02021537812472755
20160229,861,4,0.14318319562715587,0.022399577500863608
20160229,862,4,0.15632727883932468,0.015331377489698497
20160229,863,4,0.1465634442612951,0.019532096244479352
20160229,864,4,0.14657802402541426,0.015545777165178565
20160229,865,4,0.14750348473839783,0.01462036885536569
20160229,866,4,0.15025708554866507,0.019184715691821643
20160229,867,4,0.1468550074620524,0.016267268118996894
20160229,868,4,0.1459339042576408,0.018593357962270247
20160229,869,4,0.1373502136294575,0.02154090276702684
20160229,870,4,0.1377844833361822,0.020217792369831306
20160229,871,4,0.14857084880756397,0.010860156048896646
20160229,872,4,0.13189945063342406,0.019855822630757854
20160229,873,4,0.1510718535243088,0.01563689247109262
20160229,874,4,0.16138627415512047,0.013315754055850426
20160229,876,4,0.15009743330068898,0.020853175023401678
20160229,878,4,0.15543261919881204,0.016736282523089896
20160229,880,4,0.13056535809541403,0.016169556724699535
20160229,881,4,0.14850164776962838,0.010787815232218523
20160229,882,4,0.15133085886243805,0.019291902566503816
20160229,883,4,0.1482834137428942,0.019630051831824567
20160229,884,4,0.16020427540013488,0.012216642345909131
20160229,885,4,0.14186089734193064,0.016150476054844667
20160229,887,4,0.13202925702787935,0.020584793970650175
20160229,888,4,0.14895579765466432,0.015317470313648336
20160229,889,4,0.16168598332488218,0.015728743193583725
20160229,890,4,0.12294021060796818,0.018290148918364505
20160229,892,4,0.1473638074676308,0.0183386775704804
20160229,893,4,0.10693706522828517,0.017093302206057433
20160229,894,3,0.13777813347845694,0.018271335734293428
20160229,895,4,0.1458061619481276,0.013115651912787518
20160229,896,4,0.1723105184920646,0.013903542005424582
20160229,897,4,0.1390783250780399,0.014546968400579317
20160229,898,4,0.14711529674479498,0.01565397436124926
20160229,899,4,0.14015572235486728,0.013680881133025784
20160229,900,4,0.1393227724445679,0.017070307619711626
20160229,901,4,0.1428965982278548,0.014051173906563477
20160229,902,4,0.1596081937172386,0.01626511361043741
20160229,903,4,0.15751864352911152,0.014047621151449415
20160229,904,4,0.1499173093193753,0.018222192785455962
20160229,905,4,0.1603716388649283,0.013893200116192673
20160229,906,4,0.15745707917404675,0.017212756619760072
20160229,907,4,0.15111916462145886,0.019638477581840105
20160229,908,4,0.1549726549636877,0.019894439244588693
20160229,909,4,0.1430079071910749,0.014707982508995042
20160229,910,4,0.14725617157460033,0.015491844571861417
20160229,911,4,0.1828796136234207,0.014435289384352101
20160229,912,4,0.17236745836480344,0.01250329062875755
20160229,913,4,0.14244120621422704,0.02289988276997768
20160229,914,4,0.15984489626132195,0.017600899727124964
20160229,915,4,0.14622267393234942,0.017353325175372598
20160229,916,4,0.13620316256832238,0.020731555444923756
20160229,917,4,0.14790339082757764,0.019263271713681782
20160229,918,4,0.14209416083079093,0.013526246641042993
20160229,919,4,0.13957557968131767,0.016964819255198577
20160229,920,4,0.12547387647615021,0.014241469396729796
20160229,921,4,0.16178940081991214,0.013362362031657282
20160229,922,4,0.13982825123193296,0.019354878921164616
20160229,923,3,0.1420581216873486,0.01568300919744826
20160229,924,4,0.1538679937398659,0.0206331133396712
20160229,925,4,0.1459695752208007,0.02283095955709894
20160229,926,4,0.1568957530427519,0.019151121895522698
20160229,927,4,0.10717084132950028,0.010047864138268947
20160229,928,4,0.14539718065181811,0.018207941806821813
20160229,929,4,0.15802939373386904,0.015576671501863626
20160229,930,4,0.14776566367336005,0.019426959609477136
20160229,931,4,0.16939161426441152,0.022584053708592258
20160229,932,4,0.15109753968166467,0.012030354778918527
20160229,933,4,0.14638369441846688,0.01648195188618472
20160229,934,4,0.13245461539341177,0.024402645775665678
20160229,935,4,0.1464180227033321,0.016847575583296324
20160229,936,4,0.15877686452675938,0.017600868480848724
20160229,937,3,0.14768381976311848,0.011742817678115162
20160229,938,4,0.1672973472664096,0.02063550762056845
20160229,939,4,0.15538441935960756,0.02180478695551403
20160229,940,4,0.16504617805749464,0.02147605651132737
20160229,941,4,0.14966718692281006,0.018405387933935292
20160229,942,4,0.14934447155976638,0.02020230609136672
20160229,943,4,0.13205019062999135,0.0185154359880995
20160229,944,4,0.1328094413201102,0.015365914839478413
20160229,945,4,0.16745756336508075,0.019301024433664875
20160229,946,3,0.13663735193685,0.0201572629599971
20160229,947,4,0.1643096990131011,0.01456107838139312
20160229,948,4,0.1443879265298584,0.017091457479831026
20160229,949,4,0.15567285738151207,0.01682277766785997
20160229,950,4,0.1536904539410553,0.01799589225924894
20160229,951,4,0.14476867556781883,0.011486267387185611
20160229,952,4,0.14193013918973002,0.010274575005455347
20160229,953,4,0.17212847587146257,0.012642495449173287
20160229,954,4,0.15817345321743276,0.014665536159206056
20160229,955,4,0.16363076013117558,0.014819808468913984
20160229,956,4,0.14062072770531678,0.017559750312692007
20160229,957,4,0.15869684898993733,0.01973198452486091
20160229,958,4,0.14046290523483831,0.01501137824593241
20160229,959,4,0.15207301999155018,0.011816522329159147
20160229,960,4,0.13541403168686195,0.020752056631754525
20160229,961,4,0.1583460330727439,0.014638844224831657
20160229,962,4,0.15078068070340386,0.017234017534250686
20160229,963,4,0.15970311273944937,0.011107619103358094
20160229,964,4,0.139434833000379,0.019543304533679164
20160229,965,4,0.15770971605552106,0.015980697359125353
20160229,966,4,0.17389983188633015,0.018498955460726323
20160229,967,4,0.14270247116243676,0.019133888832611752
20160229,968,4,0.14656752241295828,0.01716700615264411
20160229,969,4,0.14687396070095002,0.015069722754644264
20160229,970,4,0.1469711545250083,0.018643755735620424
20160229,971,3,0.14703806545760634,0.01922179591498417
20160229,972,4,0.14849051018992315,0.021879749339617206
20160229,973,4,0.15753441779741034,0.019373383297246322
20160229,974,4,0.13247307797177632,0.015375095653194714
20160229,975,4,0.13445709241943513,0.017657391122122446
20160229,976,4,0.1477845827290561,0.01987927966424755
20160229,977,4,0.13550447239452723,0.01844287624012865
20160229,978,4,0.13640482879753377,0.017756512652451893
20160229,979,4,0.14340971885197623,0.01646143734933817
20160229,980,4,0.15383472398002793,0.01791561502344101
20160229,981,4,0.15081469774750939,0.015670098561596513
20160229,982,4,0.12943221434038613,0.017523519931549415
20160229,983,4,0.16196116056865392,0.015891266885726174
20160229,984,4,0.13596663696904088,0.018560374624447182
20160229,985,4,0.1364176028076748,0.015778247237542314
20160229,986,4,0.14789633965510982,0.019353823129314808
20160229,987,4,0.14630633265813672,0.014478922666853683
20160229,988,4,0.12253132564488908,0.01187476534978967
20160229,989,4,0.1743715427998119,0.015049196592922354
20160229,990,4,0.12799764565321847,0.015993800854498124
20160229,991,4,0.12408231901687522,0.013557410067128357
20160229,992,4,0.10852399791150286,0.0188972860455106
20160229,993,4,0.16988865289882166,0.01557343424321348
20160229,994,4,0.13906485497681983,0.018169654912296267
20160229,995,4,0.14631879254289168,0.01589701709770898
20160229,996,4,0.13671574570335931,0.019162563677349594
20160229,997,4,0.12823547320307804,0.019314374184074657
20160229,998,4,0.15010395624391876,0.014636839944083034
20160229,999,4,0.1289488471143423,0.020898894729758515
20160229,1000,4,0.10577428833057224,0.015200477476812576
20160229,1001,4,0.13280255468976204,0.01654560319034561
20160229,1002,4,0.1542823078289115,0.02114888670144887
20160229,1003,4,0.14977842519869383,0.013582378493557198
20160229,1004,4,0.14678956940344906,0.01915070894510822
20160229,1005,4,0.1494559111043132,0.01822651828023423
20160229,1006,4,0.14456585321818105,0.017778232458309555
20160229,1007,4,0.15314168150285465,0.01838877754876126
20160229,1008,3,0.1437987131976649,0.015279761321261172
20160229,1009,4,0.16892313408869963,0.01865733221422642
20160229,1010,4,0.16135861282043049,0.020472519432264236
20160229,1011,4,0.14257406217879887,0.01618800270515361
20160229,1012,5,0.1353993202119443,0.01544784271183702
20160229,1013,5,0.1867075707069677,0.014377944652275184
20160229,1014,4,0.14074659534171574,0.01988420166219867
20160229,1015,4,0.13180559519714236,0.021976141221934756
20160229,1016,4,0.14126305391824365,0.020343824175609523
20160229,1017,5,0.14222042239346522,0.01528071902355759
20160229,1018,5,0.18663531647799164,0.0132318765586668
20160229,1019,4,0.15923690679303287,0.01663595701712216
20160229,1020,5,0.13548419452809557,0.017672405158697908
20160229,1021,5,0.12643044382068022,0.013876958462122124
20160229,1022,5,0.14450693982880317,0.018039315019527474
20160229,1023,5,0.1630737569911614,0.018597324805432205
20160229,1024,4,0.15603364739134026,0.011717387861288685
20160229,1025,5,0.14877533284669198,0.017548137780182792
20160229,1026,5,0.15938234231898973,0.019408540998516702
20160229,1027,5,0.16197411399622355,0.01416104495792228
20160229,1028,5,0.14147824751416896,0.017701216146743016
20160229,1029,5,0.14045589565299513,0.01294920395341995
20160229,1030,5,0.144756345647951,0.015686203979863547
20160229,1031,5,0.15984861224927657,0.016058993986569518
20160229,1032,5,0.13940449010974162,0.016903613806808604
20160229,1033,5,0.14499543619452968,0.018254058387422892
20160229,1034,5,0.14923752862017262,0.01800242925897886
20160229,1035,5,0.14033808412066462,0.018783397684351343
20160229,1036,5,0.15190954301312054,0.01677745287551749
20160229,1037,5,0.14049383804578403,0.014193050513392952
20160229,1038,5,0.1509146230139597,0.017856932053822664
20160229,1039,5,0.15427349658709097,0.01625577664111226
20160229,1040,5,0.15584172079668787,0.01784929101810087
20160229,1041,5,0.1625848452721731,0.014055984379036884
20160229,1042,5,0.13572276296052008,0.017070971549358955
20160229,1043,5,0.14081698274819532,0.016947840123849766
20160229,1044,5,0.14360576738850894,0.015001935362335668
20160229,1045,4,0.14924677423357846,0.01674797123874238
20160229,1046,4,0.1488372101035347,0.015219472272724983
20160229,1047,5,0.14079153730003444,0.016872356829902117
20160229,1048,5,0.14592613838733456,0.01076006971036886
20160229,1049,5,0.1677441100651014,0.012591547669128457
20160229,1050,5,0.1560132742244268,0.012862599761108963
20160229,1051,5,0.1558652470422875,0.013978865262825884
20160229,1052,5,0.13174649652615233,0.013286096824991751
20160229,1053,5,0.13131378656383433,0.01764997355519219
20160229,1054,5,0.1564080700405119,0.016273310858704315
20160229,1055,5,0.15265057665663267,0.011801200822382665
20160229,1056,5,0.16749245763672926,0.01405416053305494
20160229,1057,5,0.1684130423365402,0.012874089425980548
20160229,1058,5,0.13065315683106007,0.014985440330666807
20160229,1059,5,0.1466155055851405,0.01422493594420533
20160229,1062,5,0.15499042493602766,0.016434054748401372
20160229,1063,5,0.15323422052883676,0.01848788541610501
20160229,1064,5,0.15528085840126166,0.016618001364877247
20160229,1065,5,0.13259165579371757,0.01868010133890711
20160229,1066,5,0.1431594447543747,0.015146758069810123
20160229,1067,5,0.16877433027037975,0.01776242648984459
20160229,1068,5,0.1746298428526237,0.012628784856426985
20160229,1069,5,0.1253945972440798,0.014426356533996794
20160229,1070,5,0.1438216389377232,0.011200906212375275
20160229,1071,5,0.15064975577231418,0.020855672282686134
20160229,1072,5,0.15167905288940123,0.02190319726136791
20160229,1073,5,0.13759808625453146,0.016321992736166583
20160229,1074,5,0.14268954606555614,0.014253951218556563
20160229,1075,5,0.15729620528013458,0.013219877296595172
20160229,1076,5,0.1673697118594468,0.011321373687458816
20160229,1077,5,0.14057625355590042,0.018329164484556675
20160229,1078,5,0.15285424427022426,0.0201155459839556
20160229,1079,4,0.15695287236108488,0.020323309757642818
20160229,1080,5,0.13143535890281532,0.01618323847888427
20160229,1081,5,0.1429621428137726,0.011617959495301571
20160229,1082,5,0.16734183775245937,0.02059080662542979
20160229,1083,5,0.13500149010687906,0.015276359120338751
20160229,1084,5,0.1563192836244021,0.01688974475374605
20160229,1085,5,0.1604810318218352,0.012202426230509319
20160229,1086,5,0.15221247050519657,0.011959407902333116
20160229,1088,5,0.1558351728962687,0.017231660543818833
20160229,1089,5,0.1532711608417357,0.014415540507244088
20160229,1090,5,0.14177495831649814,0.02091691364314949
20160229,1091,4,0.14563074489862368,0.011332137564462138
20160229,1092,5,0.17816407873205367,0.014869079512391678
20160229,1093,5,0.1614537169370569,0.013783190060209173
20160229,1094,5,0.10954802108887472,0.019782449826934966
20160229,1095,4,0.14666715997051996,0.011220001429825344
20160229,1096,5,0.11161810829870669,0.020337547983981373
20160229,1097,5,0.15470939037870673,0.014521564713810534
20160229,1098,5,0.1366294180077899,0.02079553145241631
20160229,1099,5,0.1557530477154064,0.017210203756683667
20160229,1100,5,0.12908878995290463,0.015517864096602817
20160229,1101,5,0.14691514587425716,0.01862384558705611
20160229,1102,5,0.1441574748322213,0.017449356166472606
20160229,1103,4,0.1379389015407359,0.014258904796149855
20160229,1104,5,0.14558389215205791,0.015981370272060313
20160229,1105,5,0.15633131319508242,0.017734275830443822
20160229,1106,5,0.1535147553213438,0.013859158323846689
20160229,1107,5,0.1531185367434485,0.01649581329675529
20160229,1108,5,0.15529920379678133,0.015163788254900758
20160229,1109,5,0.13511856434302674,0.016364035028793883
20160229,1110,4,0.13799234956398157,0.01561796648470879
20160229,1111,5,0.1544899649574974,0.01609621080519209
20160229,1112,5,0.17656206287672457,0.01572267564504803
20160229,1113,5,0.15696298885431484,0.017933271225763398
20160229,1114,5,0.13649759880498724,0.0165568942793503
20160229,1115,5,0.14459475514176498,0.016605556072387968
20160229,1116,5,0.13714107588517768,0.018751576099121165
20160229,1117,5,0.16445381049657828,0.01707498009458746
20160229,1118,5,0.140536725437486,0.014372654848068305
20160229,1119,5,0.14228270378801844,0.014658247090325911
20160229,1120,5,0.17734377856163672,0.015423435333810877
20160229,1121,5,0.17458017281996582,0.015304047750849037
20160229,1122,5,0.14291387886053813,0.016094061227236636
20160229,1123,5,0.15441181811334162,0.018044452580884895
20160229,1124,5,0.1655178202995538,0.01520046711921103
20160229,1125,5,0.13775930741206902,0.016469691367187695
20160229,1126,5,0.12952898032643304,0.013719660531120207
20160229,1127,5,0.14035269581069074,0.016286175222902422
20160229,1128,5,0.16351606496272178,0.015607502909591044
20160229,1129,5,0.14892676318091017,0.015808936560962335
20160229,1130,5,0.14875407618736813,0.01635093118718199
20160229,1131,5,0.15508084235096262,0.020204588340704408
20160229,1132,5,0.16423704338935907,0.01651478686153919
20160229,1133,6,0.14362752525281058,0.015454002772730707
20160229,1134,6,0.16856315375601344,0.015865022331115898
20160229,1135,6,0.16834425166339553,0.015805968841437746
20160229,1136,6,0.13234757637000563,0.013219827890241946
20160229,1137,6,0.15052092447338852,0.011959812759934258
20160229,1138,6,0.1691072698336769,0.015267697811540672
20160229,1139,6,0.153099577973228,0.018482007296587992
20160229,1140,6,0.14470257546460605,0.015335744860357804
20160229,1141,6,0.1381301467382092,0.017590369012443867
20160229,1142,6,0.1415259985612272,0.023037709082448045
20160229,1143,6,0.14899714732121933,0.017424016569231444
20160229,1144,6,0.16634088731096996,0.011645895778277605
20160229,1145,6,0.13576825682698204,0.017974768263866136
20160229,1146,6,0.13031767075508774,0.01341890860170487
20160229,1147,6,0.16646349590218495,0.012460422185670802
20160229,1148,6,0.17580322394664946,0.010730361265384026
20160229,1149,6,0.1438759704980556,0.014979001438528169
20160229,1151,6,0.13609218639991122,0.01240050817614697
20160229,1152,6,0.11269780078320472,0.019327439851720946
20160229,1153,6,0.14583013014203752,0.019555722526323146
20160229,1154,6,0.17380774135218474,0.015414457121929072
20160229,1155,6,0.13913242898697925,0.013921769207067065
20160229,1156,6,0.15494478574846401,0.01395116948964266
20160229,1157,6,0.1549372390946605,0.014454888444149406
20160229,1158,5,0.1454735299122881,0.018013649271998274
20160229,1159,4,0.15084352582310065,0.018555154453614924
20160229,1160,6,0.15647554715348558,0.013632298255757569
20160229,1161,6,0.16750403032665293,0.015825605475346442
20160229,1162,6,0.15557483051128848,0.015500789449100636
20160229,1163,6,0.1554583185513023,0.01569353592969253
20160229,1164,6,0.14880038523440875,0.015198275846905966
20160229,1165,6,0.13624376484774545,0.017839371804513404
20160229,1166,6,0.15261839770361568,0.017558910572209034
20160229,1167,6,0.16809607824577744,0.01534822045968854
20160229,1168,6,0.14995848732320932,0.01759597712254845
20160229,1169,6,0.14311666145302007,0.017638222821272382
20160229,1170,5,0.15377095126301765,0.017420402637456433
20160229,1171,6,0.14829371388906212,0.015189654764403086
20160229,1172,6,0.14178311754263737,0.018267089572122076
20160229,1173,6,0.1535541616957455,0.010095700061113396
20160229,1174,6,0.15376795784419875,0.014388729325345784
20160229,1175,6,0.15462638525447683,0.014012432311288693
20160229,1176,6,0.15983766019635925,0.014959256220892931
20160229,1177,6,0.16437185344984903,0.01411057996774597
20160229,1178,6,0.1531256948770949,0.017610485769626174
20160229,1179,6,0.14392760379045477,0.014743820791623506
20160229,1180,6,0.14856746044722152,0.017432428592376554
20160229,1181,5,0.14309471563298462,0.02068208706822609
20160229,1182,6,0.13422856793342786,0.011481599250759396
20160229,1183,6,0.144036601747601,0.01602603792032768
20160229,1184,6,0.1394755725341609,0.021660643350840173
20160229,1185,6,0.13221925397285775,0.017160022323134683
20160229,1186,6,0.15088583300260827,0.021657514263979032
20160229,1187,6,0.16410631908785678,0.013888264351669727
20160229,1188,6,0.15503533496024213,0.01698421639691572
20160229,1189,6,0.1543281238341319,0.01565133632118821
20160229,1190,6,0.1603590907948517,0.016351788736796477
20160229,1191,6,0.15871958130384306,0.017967201464795766
20160229,1192,6,0.16651979185596422,0.010673851405798511
20160229,1193,6,0.13510594475737145,0.018273947603824527
20160229,1194,6,0.1662866702613753,0.010630258363724039
20160229,1195,6,0.14205036889437148,0.017136527413303796
20160229,1196,6,0.14212920643397192,0.01743779080083949
20160229,1197,6,0.15861396730543978,0.015215446481582092
20160229,1198,6,0.14904572519683504,0.016843744795745644
20160229,1199,6,0.16036498632730894,0.016549704320084232
20160229,1200,6,0.14752188954205306,0.017431264952323222
20160229,1201,6,0.13451198821199958,0.020999686746601874
20160229,1202,4,0.1506110208333968,0.01676192495809554
20160229,1203,6,0.15512869094732848,0.019542848252771833
20160229,1204,6,0.14119934498528966,0.01654485431094906
20160229,1205,6,0.1310927722256939,0.01643812452584563
20160229,1206,4,0.1511293229266355,0.016042495455398254
20160229,1207,6,0.13491236279436794,0.012827388213570491
20160229,1208,6,0.15940747299326727,0.016105741248150594
20160229,1209,6,0.1351521177492224,0.019547452321618624
20160229,1210,6,0.15963055308735277,0.01839590871724754
20160229,1212,5,0.15360208124591074,0.01662239319309405
20160229,1213,6,0.14916025254170023,0.013975658778583814
20160229,1214,6,0.15618937046774625,0.01684438229606067
20160229,1215,6,0.15100957187647854,0.013187916492582871
20160229,1216,6,0.16347910171059465,0.014501521813126889
20160229,1217,6,0.15120288640286636,0.016592165655478403
20160229,1219,6,0.15512547568422005,0.013920988238410967
20160229,1220,6,0.1504097324306026,0.017063215902326227
20160229,1221,5,0.1552531257450466,0.01376991569542944
20160229,1222,6,0.13026519677434384,0.014161586633260677
20160229,1223,6,0.1547845120247,0.015787870300573426
20160229,1224,6,0.17752676542614584,0.015683956793319128
20160229,1225,5,0.15930532653663199,0.015156969616697142
20160229,1226,6,0.1428009947188092,0.019066789454693703
20160229,1227,6,0.1747744380121786,0.012178578413239355
20160229,1228,6,0.1757267674838321,0.011114842636845397
20160229,1229,6,0.15347167559964436,0.01645894434470914
20160229,1230,6,0.17509386506662772,0.012955183950336117
20160229,1231,6,0.16323351917176993,0.011993005453998734
20160229,1232,6,0.1556569947498283,0.01633904579358525
20160229,1233,6,0.1391982505974462,0.02020292149664556
20160229,1234,6,0.1636566747147671,0.014248722349598085
20160229,1235,6,0.1454482466484637,0.0202786153666017
20160229,1236,7,0.14200848806978522,0.016472334686005837
20160229,1237,7,0.13808470047059787,0.020363809502178476
20160229,1238,7,0.14207606045010443,0.018342041973775085
20160229,1239,7,0.1590108024213833,0.017278935620516377
20160229,1240,7,0.13587534309966529,0.014601629475208194
20160229,1241,7,0.15144536528388203,0.02052512582370734
20160229,1243,7,0.14400270238277135,0.02158181731141201
20160229,1244,7,0.15312705181836753,0.016669795908679008
20160229,1245,7,0.11487990921902344,0.01760373773366836
20160229,1246,7,0.15185978357928856,0.020107791569119068
20160229,1247,7,0.15326890721834535,0.016717678011487002
20160229,1248,7,0.14984480649529852,0.016305288899889057
20160229,1249,7,0.13560158390059707,0.02009932220205833
20160229,1250,7,0.15297444864750168,0.01568455573697884
20160229,1251,7,0.1526924534904333,0.016793398728690647
20160229,1252,7,0.15112780770317874,0.016677113441163714
20160229,1254,7,0.13559390806316574,0.014043787457282226
20160229,1255,7,0.13609946157194247,0.013863433546265678
20160229,1256,7,0.14954129255013052,0.01695506444137146
20160229,1257,7,0.12537233002030354,0.01317617820763872
20160229,1258,7,0.13644838526688516,0.014666150634917021
20160229,1259,7,0.13571053926931495,0.019747257202960073
20160229,1260,7,0.13683914119031654,0.014206498708831453
20160229,1261,7,0.1431699672355874,0.015771491529291828
20160229,1262,7,0.1437768370662196,0.0156777654748075
20160229,1263,7,0.1454345462848548,0.016576440075486684
20160229,1264,7,0.11495211325291156,0.019739802369215926
20160229,1265,7,0.14235303685632875,0.017794758696272586
20160229,1266,7,0.1451731432578526,0.016147291458670453
20160229,1267,7,0.14971881964921682,0.015986603741291634
20160229,1268,7,0.14499790840475454,0.015931906052739836
20160229,1269,7,0.15314703960525866,0.016199544831380374
20160229,1270,7,0.15756922990558653,0.01407110645725814
20160229,1271,7,0.1550357933243436,0.016857535213041522
20160229,1272,7,0.15776026902864415,0.014196994536543744
20160229,1273,7,0.1470635337406269,0.01461904552425555
20160229,1275,6,0.14432792446613518,0.018271138663218625
20160229,1276,7,0.1522140717633475,0.01667566565381421
20160229,1278,7,0.15931333303164516,0.01676853350727032
20160229,1279,8,0.14075342715913347,0.016795891578791557
20160229,1280,8,0.132818830644473,0.01863108721970922
20160229,1282,8,0.14638834388728283,0.01581394853032527
20160229,1284,8,0.11435042559890454,0.017756371043689233
20160229,1285,8,0.15884118052892146,0.01533224379641896
20160229,1286,8,0.15768987652291694,0.01570970397664972
20160229,1287,8,0.13873392054948944,0.016364263760099747
20160229,1288,8,0.1463345422384234,0.015898520487975746
20160229,1289,8,0.15242990435571713,0.01968241338728173
20160229,1290,8,0.13883981272172657,0.017225235141344837
20160229,1291,8,0.13552504336670812,0.014376553497852967
20160229,1293,8,0.135040401998636,0.019219505862092597
20160229,1294,8,0.13899451467297796,0.016982758813171992
20160229,1297,8,0.158044882193495,0.01733808443347355
20160229,1298,8,0.13592078529091697,0.01547996442494477
20160229,1299,8,0.14620231153314098,0.016393796084394684
20160229,1300,8,0.15241340339321124,0.019295082032493433
20160229,1301,8,0.15316613417384295,0.016065271230474718
20160229,1303,8,0.1579281167678246,0.01676086964053089
20160229,1304,9,0.15330192164710432,0.015324745583317997
20160229,1305,9,0.15319497669297324,0.01575444203681077

